mouse1	mouse2	mouse3
  0.8374	  1.2307	  0.6866
  0.3646	  0.2935	  0.3446
  0.3153	  0.5719	  1.7735
  0.3444	  0.9028	  1.7323
  0.6343	  0.7718	  1.4393
  0.7657	  0.4681	  1.8151
  2.1789	  0.2792	  0.2071
  0.5283	  0.6023	  0.2516
  0.2693	  1.3265	  0.5479
  2.4183	  0.1871	  3.5381
  0.6461	  0.3997	  1.2000
  1.1151	  1.3693	  0.2248
  1.6531	  2.1509	  0.8279
  2.9599	  0.4727	  1.7948
  3.8594	  1.1665	  1.2141
  0.4980	  0.3328	  0.7923
  1.6237	  1.5356	  0.6331
  0.6603	  1.5452	  1.3526
  0.7358	  0.7503	  0.3971
  0.1143	  0.8419	  1.5379
  0.6827	  0.4497	  1.9548
  0.6611	  0.2021	  0.3875
  1.0469	  0.5828	  1.1454
  1.9260	  1.0299	  1.1073
  0.6538	  1.3485	  1.6049
  1.1552	  0.2093	  1.2736
  1.5427	  0.9948	  0.8638
  1.7478	  0.7946	  0.5320
  0.9692	  0.6473	  1.3031
  5.7049	  0.1595	  0.9787
  1.2213	  1.1860	  1.7492
  1.1694	  1.1875	  3.3400
  0.1389	  0.5598	  1.9026
  1.0881	  0.6829	  1.0193
  0.4852	  1.2862	  1.7909
  3.0943	  0.3785	  0.4834
  0.4091	  0.6330	  1.3507
  0.4636	  1.5922	  1.5475
  0.8131	  0.1598	  0.6330
  0.8136	  0.9026	  1.2205
  1.4768	  0.4575	  0.2205
  1.1417	  1.0877	  2.1904
  0.4173	  0.6218	  0.3957
  0.6749	  0.7429	  2.6106
  0.3439	  0.2822	  0.5415
  0.3165	  0.6369	  0.1701
  1.2715	  0.2740	  1.1225
  0.8236	  1.0553	  1.5740
  2.6847	  1.1534	  0.3007
  0.8795	  0.9384	  1.3266
  0.7471	  0.5216	  1.8018
  0.4564	  0.6432	  0.5171
  1.1837	  0.4160	  1.8509
  3.7022	  0.1971	  1.6050
  0.5157	  3.8955	  0.6733
  1.2729	  0.7209	  2.6473
  1.3244	  0.5938	  1.5396
  0.9689	  2.1945	  0.3199
  0.8759	  1.2142	  0.6092
  0.5584	  0.2712	  0.3253
  0.8634	  0.3675	  1.4516
  0.5473	  0.4839	  1.9909
  1.0116	  1.0532	  1.3800
  0.3220	  1.3102	  0.6149
  0.3653	  0.9415	  0.3310
  0.9363	  0.4285	  1.1315
  1.0364	  0.9923	  0.5746
  1.4240	  1.9230	  0.8367
  1.6969	  3.0653	  0.5400
  0.6491	  0.6585	  0.5623
  1.1587	  2.0089	  0.4110
  0.2349	  1.7006	  0.8069
  0.1573	  0.4966	  1.3541
  1.1600	  3.9628	  1.9671
  2.1354	  0.3049	  0.3950
  0.9012	  1.0932	  0.9216
  1.1720	  0.8570	  0.1365
  0.7595	  1.6585	  1.6752
  0.4279	  0.6138	  1.0662
  0.6965	  0.3898	  1.2600
  1.4753	  0.7830	  1.2579
  4.0453	  1.0438	  1.8480
  0.8932	  1.0072	  0.4677
  1.4319	  1.0131	  1.0760
  1.5535	  1.0714	  0.3012
  1.8195	  2.2297	  0.3563
  0.3887	  0.3842	  0.6983
  1.3010	  0.3423	  0.5443
  1.6040	  0.2082	  0.9535
  1.3247	  1.1376	  0.3435
  0.7507	  0.3214	  0.2296
  1.7388	  1.0316	  0.2200
  0.8712	  0.6620	  0.2394
  1.0018	  0.4384	  2.9109
  0.3965	  0.7624	  0.5263
  0.1467	  0.7371	  1.1686
  1.0931	  2.2226	  0.5667
  0.3875	  0.7604	  0.7256
  1.0936	  1.7524	  0.7363
  1.0015	  1.0916	  0.3923
  0.6517	  0.9953	  2.8830
  1.3526	  1.2865	  1.3590
  1.3434	  0.6974	  1.2696
  0.6379	  1.4010	  1.1296
  0.6831	  1.4265	  1.9206
  3.1313	  2.4487	  0.9607
  0.5779	  0.3612	  0.8307
  0.5357	  0.5759	  2.0544
  0.3476	  1.0473	  0.8897
  0.9577	  0.4937	  3.2516
  0.2844	  0.8100	  2.3679
  0.4190	  1.8008	  1.1686
  0.4344	  1.0405	  0.6330
  0.3514	  0.4649	  1.7571
  0.8254	  0.5798	  0.6629
  0.8653	  0.5918	  0.4651
  0.2255	  1.0256	  0.8072
  1.5153	  1.0733	  0.6214
  0.6674	  0.1634	  0.7075
  3.9885	  0.3768	  1.0455
  0.2529	  0.2022	  0.0685
  1.4161	  0.5502	  0.4914
  0.6090	  0.0818	  1.4491
  0.4026	  0.3847	  1.5393
  0.4183	  0.5588	  0.9680
  0.4293	  1.4241	  0.8900
  0.9793	  1.6642	  0.7369
  0.5722	  0.4592	  1.1813
  0.5138	  0.9723	  1.1382
  0.4868	  0.6868	  0.5265
  0.9098	  1.1107	  2.6663
  0.5707	  0.3814	  1.1895
  0.9745	  0.7118	  1.3093
  0.6219	  1.6985	  0.7236
  1.3625	  0.1123	  0.6424
  0.9285	  1.2074	  0.4823
  0.4987	  0.4293	  1.5342
  0.6567	  0.2965	  3.7275
  0.4925	  0.6258	  0.6380
  0.7322	  0.6728	  0.7889
  0.7142	  1.9482	  0.9739
  0.7245	  0.8815	  1.1248
  0.5479	  0.3027	  0.8469
  0.7546	  1.0734	  0.2550
  1.1425	  0.9455	  2.0025
  0.5714	  0.3515	  0.7553
  0.3440	  1.1468	  0.5873
  1.2161	  0.7072	  1.6467
  1.4897	  0.3221	  0.1625
  1.0478	  0.2780	  0.9920
  0.5172	  1.1292	  1.3818
  1.6166	  0.9304	  0.7574
  1.2216	  1.3019	  1.7888
  0.6435	  0.2750	  0.7184
  3.2271	  0.7845	  0.7923
  2.1812	  0.4584	  0.3212
  0.6789	  0.5498	  1.2921
  0.5999	  1.2470	  0.5455
  0.4893	  1.3245	  0.8255
  0.3422	  2.3852	  3.3854
  1.2888	  1.2001	  0.5516
  0.9943	  1.9086	  0.4360
  0.4875	  1.4617	  4.2153
  1.4783	  0.6708	  0.9405
  1.2523	  0.6832	  0.4215
  1.2468	  0.6974	  1.3698
  2.1298	  1.1985	  2.0225
  0.1466	  0.3313	  0.6777
  0.4299	  0.8089	  1.0493
  1.6915	  0.7185	  1.1314
  1.3431	  1.0983	  2.2314
  1.3002	  0.8302	  0.6377
  1.2927	  0.9982	  2.3947
  1.0677	  0.4026	  0.2389
  1.1222	  0.8934	  1.9521
  1.9047	  2.3251	  1.0839
  0.4428	  0.7162	  0.5488
  0.7100	  0.3883	  0.5204
  3.6601	  1.2769	  1.4769
  0.2999	  0.9611	  0.9434
  0.9053	  0.4011	  0.7286
  0.1262	  0.2699	  0.9106
  1.8820	  0.6909	  0.6175
  1.1398	  1.1544	  0.7189
  1.7269	  0.2395	  0.2494
  0.6925	  0.9704	  0.8903
  1.1462	  0.9364	  0.7608
  0.4547	  0.5758	  0.8464
  0.1803	  0.7805	  0.8995
  0.4674	  1.1825	  0.7709
  0.9298	  0.6516	  0.5793
  0.5093	  1.5567	  0.3384
  0.6664	  0.8198	  0.4231
  0.6072	  0.6259	  0.6566
  0.3802	  0.4790	  2.0102
  1.2964	  0.3431	  0.3891
  1.2663	  0.7837	  0.5235
  0.1073	  1.7753	  1.7289
  2.0031	  0.8218	  0.5378
  0.5426	  0.8377	  1.0119
  0.1584	  0.1994	  1.0914
  0.9761	  0.3882	  1.2224
  1.1188	  1.8771	  0.2509
  0.3540	  0.2137	  1.0921
  2.5061	  1.3214	  2.1637
  2.2500	  1.8593	  1.5172
  1.6276	  1.2942	  0.2686
  1.5624	  0.3185	  0.3186
  0.6611	  0.5254	  1.0552
  1.6343	  1.0290	  1.4536
  0.9815	  1.8577	  1.1589
  0.4548	  1.0358	  0.3628
  0.9634	  2.8940	  1.3519
  0.8612	  0.4506	  0.4454
  0.6800	  1.9456	  1.0000
  0.1795	  1.8458	  1.2808
  0.6592	  4.5681	  1.6789
  0.3785	  1.2308	  0.5915
  0.2100	  2.4977	  1.6274
  0.5767	  1.9205	  1.5317
  1.5446	  0.4564	  2.4004
  0.6345	  1.5341	  1.7337
  1.3998	  0.1740	  1.3450
  0.9724	  0.7996	  2.4219
  1.2303	  2.2118	  1.8310
  0.3884	  0.2327	  0.8193
  1.9368	  0.7785	  0.9081
  1.1193	  0.8493	  1.3936
  0.3986	  2.0815	  1.1742
  0.1872	  0.6099	  0.6104
  1.4864	  1.3314	  0.6646
  1.2735	  0.3996	  1.9620
  0.4509	  0.5184	  2.0961
  2.5779	  0.4253	  2.8243
  0.7244	  0.3924	  0.6227
  0.2810	  0.1826	  1.9334
  1.8213	  1.0972	  1.3480
  0.8646	  0.4895	  0.8323
  0.4911	  0.9831	  0.2437
  1.1594	  1.7057	  0.8941
  0.7110	  0.4051	  0.1218
  1.3440	  0.7226	  1.4178
  0.2516	  3.0652	  0.7561
  1.4119	  0.6400	  0.4955
  0.2604	  0.8978	  4.2584
  0.4612	  0.4510	  0.7070
  0.4640	  0.5684	  0.3597
  0.3400	  0.3742	  0.4000
  1.0485	  0.6175	  0.9976
  0.4692	  0.6056	  0.6872
  0.3328	  0.7878	  1.7189
  0.5326	  0.4650	  0.5653
  0.9494	  0.5283	  0.6178
  0.5933	  0.9066	  1.4339
  2.6004	  1.3392	  1.5838
  1.3523	  0.4103	  1.1920
  0.7664	  1.4429	  0.5232
  3.5479	  0.8160	  0.4155
  0.6997	  0.4206	  1.1056
  0.7878	  0.4629	  0.7471
  1.2475	  0.7079	  1.0671
  1.2656	  0.6111	  1.0200
  1.2471	  1.1638	  2.5134
  0.6112	  2.6552	  1.5928
  2.3232	  1.1727	  1.7171
  1.4726	  0.9295	  1.0082
  0.9939	  0.1681	  1.8075
  0.7180	  2.5376	  1.1703
  0.9831	  0.4083	  1.6017
  2.2999	  1.7394	  1.8300
  0.7842	  0.4439	  0.3354
  0.8816	  1.1363	  1.1275
  0.8695	  0.3982	  2.3542
  2.9491	  1.4916	  0.3030
  0.4956	  1.7300	  1.1640
  0.4866	  0.6987	  0.3115
  2.4731	  1.5228	  0.7564
  1.4609	  0.6441	  0.4481
  0.6373	  1.1035	  0.8588
  0.4038	  1.4833	  0.5375
  0.6591	  1.0256	  0.6321
  0.2266	  1.1180	  1.6354
  0.6015	  1.6210	  1.1045
  2.5815	  0.7575	  1.0691
  1.1472	  0.9095	  2.3899
  2.5609	  0.6048	  2.0803
  0.3560	  1.1481	  1.4208
  0.7493	  4.1266	  0.2182
  0.2933	  1.8421	  1.1651
  0.5692	  0.6123	  0.6105
  0.7319	  1.0154	  0.9039
  0.2793	  0.4620	  0.8485
  3.3521	  0.6667	  0.4845
  0.8682	  0.2406	  0.6744
  2.4448	  1.0287	  0.7110
  0.3995	  1.8160	  1.2933
  1.1476	  0.2158	  1.1068
  0.6900	  0.7715	  0.6729
  0.2356	  0.3976	  0.9758
  0.1821	  0.7143	  0.8780
  0.2539	  0.4422	  0.8749
  2.5919	  0.2806	  0.8322
  0.7337	  0.8170	  0.3881
  0.6819	  0.6829	  0.9264
  0.5645	  1.8932	  1.5005
  1.0868	  3.6672	  1.1177
  0.2967	  0.9116	  0.6223
  0.6141	  0.7892	  1.0182
  2.9817	  0.4154	  0.1688
  1.2283	  1.1197	  0.2894
  1.4847	  0.3725	  0.8425
  0.5840	  0.6508	  0.9970
  1.8699	  0.4620	  1.3507
  0.2444	  0.8685	  0.5859
  0.9347	  1.9291	  0.4092
  0.8178	  0.8112	  1.3034
  0.8777	  0.9052	  0.5218
  0.9008	  0.4995	  0.6171
  0.3825	  0.7517	  0.5092
  1.3497	  0.6471	  0.2131
  0.5495	  2.7342	  0.5914
  1.5540	  1.5668	  0.5732
  0.5506	  0.2653	  0.9765
  0.4929	  0.4469	  0.7144
  3.5888	  0.7217	  0.8778
  1.1259	  1.4233	  0.6155
  0.7465	  1.4615	  0.4277
  0.7129	  3.4489	  2.9798
  1.4432	  1.0784	  0.5606
  1.7719	  0.6297	  0.2498
  0.9632	  0.8821	  0.9203
  1.2826	  1.0107	  1.2282
  0.5385	  0.7122	  0.7246
  2.0539	  0.8149	  2.0549
  1.3418	  0.2520	  0.2148
  1.5589	  1.0086	  0.5427
  1.4102	  1.1584	  1.8110
  1.8533	  0.4554	  1.1347
  0.2228	  0.5128	  0.7040
  0.2445	  0.2471	  0.7152
  1.3269	  0.5505	  0.3373
  1.1325	  0.5925	  0.6073
  1.3059	  0.2350	  1.3150
  0.4501	  0.9179	  0.2761
  2.8521	  0.3974	  1.0740
  1.5283	  0.4331	  1.7573
  1.6361	  0.2267	  0.4285
  0.8806	  0.7593	  0.2427
  0.9189	  2.3302	  3.7105
  1.4760	  1.0620	  1.2050
  0.4365	  0.1587	  1.0700
  1.7874	  1.1468	  0.4405
  0.3724	  0.3139	  0.7400
  0.9356	  0.3498	  0.3458
  0.3722	  0.4178	  1.1529
  0.3497	  0.4586	  1.5235
  1.5249	  0.7560	  0.9997
  0.4793	  0.0870	  0.5606
  2.9052	  1.3106	  0.4437
  0.2299	  1.0295	  1.9559
  0.4848	  0.4846	  0.5843
  0.4054	  1.0803	  1.0782
  0.7708	  1.4618	  0.4923
  0.3986	  0.9886	  0.7952
  0.5230	  2.4808	  0.7772
  0.5214	  1.3117	  0.6841
  1.2806	  1.1571	  0.2164
  1.1281	  1.6346	  0.4747
  0.4251	  0.6633	  1.9164
  0.2693	  1.1250	  0.4341
  0.2563	  1.9020	  0.4964
  1.6046	  0.3359	  0.4661
  0.2602	  0.8159	  2.3193
  4.5567	  1.9190	  0.4909
  1.3764	  0.8076	  1.4748
  0.7437	  0.4873	  0.8130
  0.7809	  0.6223	  0.8888
  0.3357	  0.4446	  1.2739
  0.4312	  0.2480	  1.3501
  1.4189	  3.2172	  0.2015
  0.5457	  0.5600	  0.4284
  0.8847	  0.3958	  0.2133
  0.2541	  0.4988	  0.9963
  0.2865	  0.4168	  0.4970
  0.7874	  0.4757	  1.4076
  0.5113	  1.0569	  1.5198
  0.2731	  0.7022	  0.3031
  1.4954	  0.8724	  0.2705
  1.1353	  0.5781	  0.4495
  0.4110	  0.2673	  0.5340
  0.7851	  1.5123	  1.3083
  0.8689	  1.1060	  3.2273
  0.9301	  1.0359	  0.6744
  0.5395	  0.2968	  1.1600
  1.6715	  0.6136	  1.2122
  1.6894	  0.6875	  0.5792
  2.1533	  0.9629	  1.8974
  0.6335	  0.6792	  1.5271
  0.9826	  1.2286	  0.5994
  2.4247	  0.6190	  1.2618
  0.8372	  0.8345	  0.6882
  0.6313	  0.7369	  0.6606
  0.2392	  0.5579	  0.4940
  1.3904	  1.1484	  0.7031
  0.5623	  0.3124	  0.3982
  1.7553	  1.1428	  0.8872
  2.7049	  0.4319	  0.8759
  1.9840	  0.6666	  0.3311
  0.8084	  1.0503	  0.3208
  0.5901	  0.1407	  1.5235
  0.3334	  0.1832	  1.6506
  0.3573	  0.8609	  1.1485
  1.4252	  0.4170	  1.1022
  0.5979	  1.8086	  1.0568
  0.8768	  0.9825	  1.3216
  0.4102	  1.2133	  0.4915
  0.5991	  0.5221	  0.7129
  2.2385	  0.6256	  1.0967
  0.4309	  0.4181	  1.1846
  0.7609	  0.8890	  2.5040
  0.3416	  0.3228	  0.6234
  1.1169	  0.4271	  3.0207
  1.0376	  0.7751	  0.8029
  0.8872	  2.8162	  0.0719
  0.8279	  0.8793	  0.2812
  1.6314	  3.1197	  0.1247
  0.7560	  0.7469	  0.6315
  0.9186	  0.6046	  0.3040
  1.3061	  1.9758	  1.8027
  0.3935	  2.4840	  1.1972
  0.6296	  0.4177	  0.4009
  0.3031	  0.6496	  1.0216
  2.7336	  1.3475	  1.4097
  0.8038	  1.4074	  0.8798
  1.1275	  0.4102	  0.5237
  0.1757	  1.3437	  0.1299
  1.5878	  1.0620	  1.7918
  0.4668	  2.5569	  1.9524
  0.8576	  0.4745	  0.4729
  1.2099	  0.8664	  0.6319
  0.9255	  0.8920	  0.5870
  0.2881	  0.6234	  0.2564
  0.3066	  1.5222	  0.4633
  0.4397	  2.1453	  0.4973
  0.7388	  1.3976	  1.7864
  0.8845	  0.5745	  1.0225
  1.5566	  1.1153	  0.3982
  0.3624	  1.1267	  1.4666
  1.2514	  0.8537	  0.3864
  0.3322	  0.5074	  1.1360
  0.8312	  0.6518	  2.3446
  0.6397	  2.2656	  0.1773
  0.6682	  0.6007	  5.1485
  0.2750	  1.5982	  0.2385
  3.1621	  1.2245	  1.4752
  0.1617	  0.9615	  0.9953
  2.5623	  0.9123	  1.2906
  0.4259	  2.3233	  0.4437
  1.8661	  1.1256	  1.0522
  2.7997	  1.4130	  1.2972
  0.7828	  0.2655	  0.5789
  1.8570	  0.7637	  2.1580
  0.3591	  0.3680	  1.1670
  0.2963	  0.3661	  0.8693
  1.0179	  0.5280	  0.3532
  0.2714	  0.1658	  0.4640
  0.3654	  1.5694	  0.6570
  0.5685	  0.5759	  0.4550
  0.6574	  1.4523	  0.1947
  0.6619	  0.5095	  0.8988
  1.3306	  0.4157	  0.8170
  0.6381	  0.3113	  0.6908
  1.6690	  1.2813	  0.7989
  0.9647	  0.4819	  0.7516
  0.8410	  0.6554	  1.4296
  1.7376	  1.3574	  1.0250
  0.9898	  0.8763	  0.8457
  0.2935	  0.8016	  0.4989
  1.1144	  0.3907	  3.5764
  0.9116	  2.0234	  1.6437
  0.6490	  0.6311	  0.2911
  2.2862	  1.0245	  2.1275
  0.1680	  1.0528	  0.3615
  0.6630	  0.7061	  0.8834
  1.3947	  1.2270	  1.2271
  0.3008	  1.2950	  0.3753
  0.4686	  0.6846	  0.3947
  0.5604	  3.8259	  0.5778
  3.1910	  0.8996	  0.3312
  1.1513	  2.0073	  0.1349
  1.8789	  1.0955	  1.6882
  2.1098	  0.8878	  0.8901
  1.8017	  1.3344	  1.0319
  0.8513	  1.0084	  1.7825
  0.3076	  1.5122	  0.2125
  0.2473	  1.5997	  1.6749
  0.2805	  0.6786	  0.5496
  2.3494	  0.9216	  5.1917
  0.7431	  1.5297	  1.1146
  1.6038	  1.1373	  0.8905
  1.3916	  1.0461	  0.2230
  1.4162	  1.5826	  0.9218
  3.3122	  0.6820	  0.7594
  0.7490	  1.2502	  0.3373
  0.2714	  0.2826	  0.2938
  1.3200	  2.0485	  0.5184
  0.4888	  0.3719	  1.1125
  0.5983	  1.1691	  0.9396
  1.4395	  0.6782	  0.3630
  0.4421	  1.0231	  0.3389
  0.4532	  0.9775	  0.6220
  0.6855	  1.1470	  1.1282
  2.6859	  1.7768	  0.4272
  1.3451	  2.9102	  0.2974
  1.8188	  0.7952	  1.0289
  0.4185	  0.3530	  0.9274
  0.2851	  0.6025	  1.8829
  0.8623	  1.8331	  0.8446
  0.6810	  1.5142	  1.1642
  1.3411	  0.5598	  0.3934
  1.4736	  1.8638	  0.8971
  0.6669	  0.4786	  0.2950
  1.7375	  0.5760	  0.6550
  1.6125	  1.1199	  1.8653
  0.3577	  1.2384	  0.3259
  0.8153	  2.1537	  0.2592
  0.1886	  0.6623	  0.6686
  0.3825	  0.8960	  2.2623
  0.6942	  1.7250	  1.5339
  0.6332	  0.3988	  0.7316
  0.5719	  1.0098	  2.0012
  1.4715	  0.7009	  1.3772
  1.0626	  0.5850	  0.8857
  0.6790	  0.4484	  0.1919
  2.3063	  1.4646	  0.4466
  0.5295	  0.6072	  0.7085
  0.2393	  0.8416	  2.5912
  0.4602	  1.3158	  0.9108
  0.6727	  3.2475	  0.5530
  0.6231	  1.5134	  2.7384
  0.6672	  2.7550	  0.7042
  0.5569	  0.7144	  1.1660
  0.6165	  0.5097	  2.0947
  0.6202	  0.5302	  0.1568
  2.1786	  1.0325	  0.5264
  1.4712	  1.5378	  0.4964
  0.2894	  0.6443	  0.2152
  0.2780	  0.7519	  0.4361
  0.3464	  3.5319	  0.8913
  0.5474	  1.4336	  0.8780
  0.4967	  1.1698	  0.4507
  5.1790	  0.6958	  1.5402
  3.1415	  0.9960	  0.6456
  0.6496	  0.1659	  0.9703
  0.6334	  0.3265	  0.7641
  0.7303	  2.9016	  0.9904
  1.1818	  1.1804	  0.7747
  0.2530	  1.1837	  0.5008
  0.9461	  3.2502	  0.7546
  0.3665	  0.4717	  0.8918
  0.2136	  2.4083	  0.9219
  2.9352	  1.3621	  0.3257
  0.8877	  1.2198	  1.2934
  0.6829	  3.0099	  0.4241
  0.5006	  0.9756	  2.0243
  0.3988	  1.6951	  0.6997
  0.9808	  1.1765	  2.5504
  0.9283	  1.1446	  0.2802
  0.8500	  1.2773	  0.4915
  1.0275	  0.6876	  3.8915
  1.9601	  1.2016	  0.2604
  1.6472	  3.4497	  1.3338
  0.3755	  0.8499	  0.2102
  0.7157	  0.4435	  0.9877
  0.2274	  0.5277	  0.8493
  0.3937	  1.3401	  0.2103
  0.5632	  0.3952	  0.7359
  0.8231	  0.8780	  1.2523
  4.6587	  1.3173	  0.3640
  1.1988	  0.8395	  0.4376
  0.7766	  1.8227	  1.3034
  0.5299	  1.0743	  0.8391
  0.3791	  2.7549	  0.5564
  2.0146	  1.4182	  1.6436
  0.9646	  0.6906	  0.5780
  0.6175	  0.9956	  0.7623
  0.5540	  0.6238	  1.8241
  0.6063	  0.9000	  0.9455
  0.2542	  0.9885	  1.8635
  0.7372	  0.3280	  0.6049
  1.8398	  0.7974	  1.5280
  0.3368	  2.6526	  0.1849
  0.3943	  0.3665	  3.0823
  0.6812	  0.9021	  0.6638
  1.0677	  0.5720	  0.6600
  0.3888	  1.6198	  0.7700
  0.5692	  1.4673	  3.1502
  0.7771	  0.3821	  0.2291
  2.0769	  0.8476	  0.1458
  1.4193	  0.9339	  0.6479
  0.9113	  1.4920	  0.8840
  1.4362	  1.1477	  1.9661
  1.2802	  0.5899	  0.4120
  0.5987	  0.6608	  1.5668
  0.4826	  3.2491	  0.7235
  0.4492	  0.3100	  0.6832
  0.2543	  1.4410	  1.1460
  1.4230	  0.9123	  2.9602
  0.7301	  0.3989	  0.7509
  0.5547	  0.4580	  2.5870
  1.0473	  0.9970	  0.3647
  1.7294	  0.6681	  1.7385
  2.7359	  1.9603	  0.4041
  1.3421	  2.9654	  0.4690
  1.9739	  0.1908	  0.2632
  0.4290	  0.6054	  0.2801
  1.3852	  0.6502	  0.4448
  2.6718	  1.7970	  0.3778
  0.4769	  3.1285	  1.2106
  0.6612	  0.6182	  4.3008
  2.8081	  1.4524	  0.5885
  0.7263	  0.4444	  1.5553
  0.7314	  0.5224	  0.4092
  1.9455	  1.3695	  3.5109
  0.4630	  1.7576	  0.4163
  1.5290	  1.0339	  3.5330
  1.7360	  1.2045	  1.0874
  1.3206	  1.3318	  0.9744
  0.7002	  1.1809	  0.2977
  0.8404	  0.8949	  0.8707
  0.1835	  2.4611	  0.2425
  0.5664	  1.2806	  0.4157
  0.5036	  0.3357	  0.8684
  1.2989	  6.2020	  1.4233
  1.5239	  0.2028	  0.2204
  1.9935	  0.5923	  1.2015
  1.6609	  1.5954	  2.3328
  0.8733	  1.2924	  1.3746
  0.9544	  0.6033	  1.3070
  0.7953	  1.1150	  0.2785
  0.5959	  1.0069	  0.4893
  0.4680	  0.5850	  2.1549
  1.1393	  4.0203	  0.2996
  0.2568	  0.4867	  3.1878
  0.8690	  0.8757	  0.1520
  0.4083	  1.3303	  0.5555
  1.1057	  1.2428	  1.6224
  0.6074	  2.0593	  2.4406
  1.3623	  1.5014	  1.1009
  1.1466	  1.0497	  0.5412
  0.6398	  0.8114	  0.3760
  2.9279	  0.3001	  0.6169
  1.0203	  0.3829	  0.6745
  0.2949	  0.4304	  1.6888
  0.7065	  1.3176	  1.6393
  0.6516	  0.8844	  1.1427
  0.8336	  0.6981	  0.7602
  0.7748	  0.3730	  4.9037
  0.2489	  0.3888	  1.2915
  1.2710	  0.2813	  0.7922
  0.7649	  0.3382	  0.7678
  1.0817	  0.7266	  0.4659
  0.4059	  2.3538	  0.4761
  0.1841	  0.8117	  0.6532
  1.5814	  0.9509	  1.1192
  1.3862	  1.5281	  1.1329
  1.1952	  0.7315	  0.6366
  0.4548	  1.0644	  0.4218
  0.2890	  1.5572	  1.2337
  0.6283	  0.6295	  0.9165
  0.1909	  1.0206	  0.3175
  1.6810	  1.5196	  0.8137
  0.4089	  0.7083	  0.2926
  1.6572	  0.5604	  0.5303
  0.3854	  0.1884	  0.6151
  0.7382	  0.6945	  0.6373
  0.2724	  0.1411	  0.8970
  1.2102	  0.2159	  2.7543
  1.5918	  0.8451	  0.5813
  0.6453	  0.2510	  0.7037
  0.4123	  0.4533	  0.7866
  2.2306	  1.6240	  1.7137
  1.1221	  1.0188	  0.9005
  1.2434	  0.5676	  0.9490
  1.0078	  1.2334	  0.4150
  1.2722	  0.4812	  1.7633
  0.8030	  0.5177	  1.1465
  0.5547	  4.0864	  3.1508
  0.5242	  1.6236	  0.2409
  0.9118	  1.0835	  4.6644
  0.7126	  0.3688	  0.4224
  0.4199	  0.4840	  0.6354
  0.7366	  1.3158	  1.0984
  0.1693	  0.5868	  0.2962
  0.9687	  0.5298	  1.9163
  2.8755	  1.5530	  0.7783
  0.5703	  3.3764	  0.3583
  1.5783	  1.4817	  0.4823
  1.5194	  0.8088	  2.1905
  0.7439	  0.6288	  0.7395
  3.3534	  0.8389	  1.1061
  1.7397	  1.3622	  1.9347
  0.5754	  1.1792	  0.4948
  0.9243	  2.6658	  0.4203
  0.6097	  0.7416	  0.2031
  0.6171	  0.3094	  1.7487
  1.1077	  0.5812	  0.3622
  1.5903	  0.8428	  1.1464
  0.9063	  1.9771	  1.1285
  0.6081	  0.6619	  0.9047
  0.6186	  0.3612	  0.5921
  1.3619	  0.6172	  1.5398
  0.8144	  0.5430	  1.4395
  2.4833	  1.8284	  0.7293
  1.4545	  1.0600	  2.2985
  1.4976	  0.2991	  0.7820
  0.8815	  1.5488	  0.2319
  0.3941	  0.3891	  3.7936
  0.2825	  2.4985	  0.3285
  0.6825	  1.4512	  0.3145
  0.3103	  1.5710	  0.4873
  1.9699	  1.8657	  0.7623
  0.3247	  0.7216	  0.6717
  0.6703	  2.9684	  0.7705
  0.3522	  0.2461	  1.1173
  0.9022	  0.4031	  0.2435
  1.1224	  0.8167	  0.5322
  4.4930	  0.5239	  0.9586
  0.8663	  0.4852	  1.4786
  2.0871	  0.3456	  2.2991
  4.7434	  0.5614	  1.7997
  0.4606	  2.4154	  1.7816
  2.6471	  1.0164	  0.3790
  0.5517	  0.8510	  0.2574
  1.2991	  0.3875	  0.4866
  1.3477	  1.1354	  1.5653
  0.1308	  2.7567	  0.7924
  0.4436	  0.3760	  0.8991
  1.1776	  2.2583	  0.4128
  1.0673	  1.7647	  0.4120
  1.6332	  0.5002	  0.2325
  1.4911	  1.4682	  0.4823
  0.4626	  0.7470	  0.5591
  0.9554	  1.3353	  0.5899
  1.3771	  0.4083	  1.0380
  0.8382	  0.2032	  1.4183
  0.6278	  0.5412	  0.8561
  1.6467	  1.3434	  1.0768
  2.6026	  0.8717	  0.8165
  0.5883	  0.9216	  1.8912
  0.3116	  0.5468	  0.1495
  1.7941	  0.3444	  0.5227
  0.5712	  2.4904	  1.4194
  1.2266	  0.4612	  0.9176
  1.2660	  1.6149	  0.2474
  0.3446	  0.7429	  1.3668
  1.6276	  0.4091	  1.1651
  0.3153	  0.5827	  0.5061
  1.4952	  0.5337	  0.8120
  0.6502	  1.3433	  0.6993
  1.1090	  0.2258	  0.7240
  0.7970	  0.3984	  0.2540
  0.1420	  0.1802	  0.7940
  0.4461	  0.3624	  0.2852
  0.2034	  1.1446	  1.3400
  0.5055	  1.1390	  2.0255
  0.6130	  1.0402	  1.3789
  0.4662	  1.3463	  0.3977
  2.3576	  0.2553	  0.1769
  0.3302	  1.6696	  0.5427
  3.4076	  1.2183	  2.6011
  0.1301	  1.0560	  1.5697
  1.7257	  0.8630	  0.3772
  1.6426	  0.4957	  0.2106
  2.3275	  0.8400	  0.5156
  0.4846	  1.1457	  0.9960
  1.5574	  1.4820	  0.4272
  0.4580	  0.2596	  0.7009
  1.7245	  1.7774	  1.3314
  1.1807	  0.4173	  0.3731
  2.4870	  0.2881	  4.9689
  1.5044	  0.6904	  1.0754
  1.1616	  0.8082	  0.4584
  1.1135	  0.4066	  1.5220
  1.2038	  2.5765	  1.2959
  0.2821	  0.7631	  0.5798
  1.3857	  0.4792	  0.9881
  0.2740	  1.1534	  0.4255
  0.5008	  1.0402	  1.4179
  0.3139	  0.6713	  1.3459
  1.9449	  1.2462	  4.9535
  1.2115	  0.5833	  1.1165
  0.5652	  0.8170	  0.5400
  1.7136	  1.6194	  0.5742
  1.4377	  0.3064	  3.3874
  1.6252	  0.4395	  0.8461
  0.4646	  0.7153	  1.4028
  0.4506	  0.4254	  1.1482
  0.2741	  0.9447	  0.8916
  0.8628	  0.5646	  0.7112
  0.3662	  0.8358	  1.5458
  0.6846	  0.2737	  0.4841
  0.7508	  0.2332	  0.2974
  0.8549	  0.7849	  0.3554
  0.6461	  1.6850	  0.3316
  1.3974	  0.2143	  2.3623
  1.0318	  2.0458	  0.9354
  0.8029	  0.7007	  0.6382
  1.9543	  2.0107	  0.7139
  0.3568	  0.7389	  1.5733
  0.8910	  0.2951	  1.0148
  0.2257	  1.0424	  0.3034
  2.6850	  0.4428	  1.0960
  0.7380	  0.6024	  4.1713
  0.9246	  0.5579	  1.2533
  0.4663	  0.8054	  1.1041
  2.3419	  0.8020	  1.8826
  0.3961	  0.5674	  0.8737
  0.5050	  1.5193	  0.5527
  0.1628	  0.9862	  0.9152
  1.1608	  1.1069	  1.6467
  1.6740	  2.0771	  3.6058
  2.5256	  1.1463	  0.8328
  0.6574	  0.6142	  0.7536
  0.5073	  0.6302	  0.1983
  0.3506	  0.9795	  1.4911
  1.8635	  1.7510	  0.7370
  1.7035	  1.1086	  0.6397
  4.9501	  0.9895	  0.8239
  2.7541	  0.5094	  1.1833
  0.9955	  1.0483	  0.3927
  0.7426	  1.3545	  2.1291
  0.4949	  0.4530	  0.3733
  0.4090	  2.6467	  0.2996
  0.8113	  1.1118	  2.3236
  0.3166	  0.8735	  0.6219
  0.8437	  0.8390	  1.7214
  0.4898	  0.6468	  0.4250
  0.6231	  0.5754	  0.4431
  0.8945	  2.3474	  1.5741
  0.5136	  1.8585	  3.0106
  1.0260	  1.6240	  0.8826
  0.5463	  0.3366	  1.9446
  0.7035	  0.5111	  0.9110
  0.7227	  0.9238	  1.2045
  0.1276	  1.1276	  0.7359
  3.8492	  0.8166	  0.5582
  1.0860	  2.7230	  1.3341
  0.5537	  0.6391	  0.6182
  0.7641	  0.4985	  0.2905
  1.4344	  1.4212	  0.5695
  1.1345	  0.2252	  2.2552
  1.7198	  0.3475	  1.6801
  0.4234	  0.8242	  0.3318
  0.6202	  2.6611	  0.3478
  0.6114	  1.5145	  3.4437
  1.4407	  0.6783	  1.5350
  0.2973	  0.9331	  0.5081
  0.6396	  1.2322	  0.4389
  0.4575	  1.0022	  0.3891
  1.0737	  2.2315	  0.9959
  0.9124	  0.6293	  2.5355
  0.5168	  0.7796	  0.6781
  3.6813	  0.4151	  0.6966
  1.9816	  1.0393	  0.8747
  0.2569	  0.3310	  0.4213
  1.4565	  0.9331	  0.8931
  0.7874	  0.5826	  1.0040
  1.1338	  2.7503	  0.9314
  1.3905	  0.6047	  0.3899
  2.1798	  0.4328	  0.3850
  2.6445	  1.2665	  2.6041
  0.6200	  1.6881	  0.3217
  0.2806	  0.2069	  0.9529
  0.5214	  0.2686	  4.7050
  0.5408	  0.1208	  1.1766
  0.5640	  0.3575	  1.5397
  0.8351	  1.5369	  1.2974
  0.8615	  1.5456	  1.7296
  0.4697	  1.2467	  0.3665
  2.4159	  1.4047	  0.5143
  0.9787	  0.5078	  1.4765
  0.7518	  0.3738	  0.7801
  0.8795	  0.5639	  2.2522
  0.2276	  0.4891	  1.2405
  0.6658	  0.8862	  0.7176
  0.5979	  1.1816	  1.4352
  0.4087	  0.1433	  0.3506
  2.0356	  1.6843	  1.7620
  0.7362	  0.5722	  1.0281
  0.9876	  2.3495	  0.5625
  0.5698	  1.5168	  0.7363
  1.2637	  2.8216	  0.1168
  1.6149	  1.0228	  0.8699
  1.0207	  1.2520	  3.3392
  0.1171	  0.3364	  1.0865
  0.7451	  0.2798	  0.5771
  0.9452	  0.3653	  0.7701
  2.1902	  0.4616	  0.9982
  1.5755	  0.8301	  0.9090
  0.3305	  1.2822	  0.2438
  0.4857	  1.1634	  1.0097
  1.2251	  1.9068	  0.4313
  0.2670	  1.6737	  1.0861
  1.3305	  0.5900	  0.7001
  0.2406	  1.2897	  0.1485
  2.3143	  0.4108	  1.4281
  0.3403	  0.8192	  0.5433
  0.5409	  0.7864	  0.6214
  0.3846	  1.7225	  0.6001
  0.7515	  0.2605	  2.7789
  1.8449	  3.3207	  1.1734
  1.1392	  0.6835	  0.5589
  0.5215	  0.9905	  0.2987
  0.5625	  1.8858	  0.5467
  0.7139	  0.5044	  1.8081
  1.2180	  2.5202	  1.1495
  0.9547	  1.2540	  0.2612
  1.1192	  0.8973	  1.2710
  1.2956	  0.5543	  0.9985
  0.5877	  1.3255	  0.8542
  0.5010	  1.0519	  0.7525
  0.3269	  0.9781	  0.5696
  1.5313	  0.8845	  0.1004
  0.3201	  1.2727	  0.7065
  0.3007	  0.5029	  0.6412
  0.6049	  0.2509	  0.5793
  0.8337	  0.7619	  0.8030
  1.1252	  2.0781	  0.8218
  0.9265	  3.4424	  0.2700
  0.5286	  0.6150	  0.6569
  0.7111	  0.4236	  1.0324
  0.5461	  1.0225	  0.1392
  0.4825	  1.1718	  1.4043
  0.5728	  1.7713	  0.7217
  0.7816	  0.9517	  0.5773
  1.0855	  2.0477	  0.4722
  1.0890	  0.7329	  0.2110
  1.0027	  0.3772	  1.6976
  0.4135	  0.5787	  0.2719
  1.0735	  0.4244	  0.7467
  0.3895	  0.4284	  1.7551
  1.2261	  0.2482	  2.1277
  1.7098	  0.8698	  0.5816
  1.1171	  0.3557	  0.6886
  1.4645	  1.3676	  0.8791
  0.7090	  0.9099	  0.2667
  0.8648	  1.9619	  1.5372
  0.5473	  1.3436	  0.6991
  2.2206	  2.2197	  0.9492
  0.7592	  1.4310	  1.7646
  0.3245	  1.1041	  0.5319
  0.3205	  1.7064	  0.2229
  1.5907	  0.2707	  3.2453
  0.2216	  1.9717	  0.6160
  1.2311	  0.8994	  0.5144
  0.6309	  0.9925	  3.0122
  0.3426	  1.4444	  4.5478
  1.6165	  0.4165	  0.8200
  1.4288	  0.4553	  1.6915
  0.4544	  1.7802	  1.1058
  1.7410	  1.9352	  0.7968
  0.7980	  0.4134	  1.2940
  0.4800	  0.2800	  0.9774
  0.6715	  1.3892	  0.6872
  1.9826	  0.2188	  0.3710
  2.3146	  1.0490	  1.2081
  0.6066	  0.5756	  0.4593
  2.1153	  1.2147	  0.7435
  0.7618	  0.4854	  0.7939
  1.1350	  1.0419	  0.6058
  0.3687	  1.1290	  1.2690
  0.8282	  0.8088	  1.8822
  1.2078	  0.4535	  0.4983
  0.0972	  1.8636	  0.4792
  0.4315	  0.6918	  0.4318
  0.4974	  1.6839	  1.2955
  0.7198	  3.2220	  0.3040
  3.5036	  0.9038	  0.4226
  2.0869	  1.7650	  0.5345
  0.6528	  0.7954	  0.5443
  1.0180	  2.1825	  1.8801
  1.8817	  1.6797	  0.1828
  1.4858	  1.1294	  0.7995
  0.8093	  0.7945	  1.2729
  1.4236	  1.1412	  0.2021
  1.9118	  0.3116	  0.8826
  2.0197	  1.4486	  0.8316
  1.1569	  0.8120	  0.4678
  0.9662	  1.3737	  0.8312
  1.1012	  1.6074	  0.6321
  0.6509	  0.6429	  1.2159
  0.2973	  1.0349	  0.4200
  0.9984	  3.8542	  2.4413
  1.0940	  0.9600	  0.8460
  0.5196	  2.8572	  1.8734
  1.6372	  0.5747	  1.4451
  0.2573	  0.4557	  1.2629
  0.1863	  1.5046	  2.8536
  0.6215	  0.2735	  1.0528
